979550507 0.000865
981216954 0.000962
981814491 0.001017
982055010 0.001045
982243988 0.001067
982475916 0.001094
982750794 0.001126
983085802 0.001165
983455169 0.001208
983927615 0.001263
984425832 0.001321
985027127 0.001391
985654192 0.001464
986332797 0.001543
987071531 0.001629
988145273 0.001754
989176065 0.001874
990125790 0.002016
990735675 0.002158
991367036 0.002305
992105770 0.002477
992904634 0.002663
993922541 0.002900
995077887 0.003169
996430802 0.003484
997818076 0.003807
998827931 0.004178
999547338 0.004513
1000442838 0.004930
1001342634 0.005349
1002302559 0.005796
1003260337 0.006242
1004235295 0.006696
1005276824 0.007181
1006434318 0.007720
1007115607 0.008262
1007727640 0.008832
1008379401 0.009439
1009094513 0.010105
1009878345 0.010835
1010689020 0.011590
1011473925 0.012321
1012339361 0.013127
1013160773 0.013892
1014103519 0.014770
1015051096 0.015680
1015599241 0.016701
1016154902 0.017736
1016783041 0.018906
1017370915 0.020001
1017982948 0.021141
1018571895 0.022238
1019191444 0.023392
1019864680 0.024646
1020553486 0.025929
1021200952 0.027135
1021883852 0.028407
1022645135 0.029825
1023390312 0.031213
1023802629 0.032712
1024240178 0.034342
1024661891 0.035913
1025111251 0.037587
1025585308 0.039353
1026059366 0.041119
1026547650 0.042938
1027021707 0.044704
1027498716 0.046481
1028006865 0.048374
1028551520 0.050403
1029115772 0.052505
1029718678 0.054751
1030358359 0.057134
1030983009 0.059461
1031581083 0.061689
1032004674 0.064034
1032349882 0.066606
1032705425 0.069255
1033065397 0.071937
1033432482 0.074672
1033787488 0.077317
1034135246 0.079908
1034538302 0.082911
1034958135 0.086039
1035374881 0.089144
1035769347 0.092083
1036168913 0.095060
1036585659 0.098165
1037016364 0.101374
1037474449 0.104787
1037922468 0.108125
1038360823 0.111391
1038830451 0.114890
1039350410 0.118764
1039855740 0.122529
1040273090 0.126277
1040519916 0.129955
1040785131 0.133907
1041070343 0.138157
1041337437 0.142137
1041605738 0.146135
1041886857 0.150324
1042181733 0.154718
1042473590 0.159067
1042765580 0.163418
1043073543 0.168007
1043405799 0.172958
1043712218 0.177524
1044032663 0.182299
1044372972 0.187370
1044710462 0.192399
1045040504 0.197317
1045417454 0.202934
1045770514 0.208195
1046117198 0.213361
1046476298 0.218712
1046858550 0.224408
1047221139 0.229811
1047629564 0.235897
1048024835 0.241787
1048410241 0.247530
1048693004 0.253487
1048902048 0.259717
1049110656 0.265934
1049338994 0.272739
1049547132 0.278942
1049770840 0.285609
1049991527 0.292186
1050211812 0.298751
1050448136 0.305794
1050677917 0.312642
1050916489 0.319752
1051155497 0.326875
1051395512 0.334028
1051648982 0.341582
1051891446 0.348808
1052153574 0.356620
1052402178 0.364029
1052667091 0.371924
1052924822 0.379605
1053210672 0.388124
1053475786 0.396025
1053755798 0.404370
1054031011 0.412572
1054319177 0.421160
1054602410 0.429601
1054907822 0.438703
1055195585 0.447279
1055513949 0.456767
1055808826 0.465555
1056119372 0.474810
1056421966 0.483828
1056746706 0.493506
1057014671 0.502984
1057174273 0.512497
1057339931 0.522371
1057502989 0.532090
1057671264 0.542120
1057839775 0.552164
1058011573 0.562404
1058189714 0.573022
1058362804 0.583339
1058550021 0.594498
1058738916 0.605757
1058920999 0.616610
1059107260 0.627712
1059303939 0.639435
1059490821 0.650574
1059688439 0.662353
1059883676 0.673990
1060084013 0.685931
1060279786 0.697600
1060483629 0.709750
1060693931 0.722285
1060905912 0.734920
1061112238 0.747218
1061325963 0.759957
1061541097 0.772780
1061764016 0.786067
1061980643 0.798979
1062201029 0.812115
1062430122 0.825770
1062657805 0.839341
1062889499 0.853151
1063126477 0.867276
1063360418 0.881220
1063599276 0.895457
1063841706 0.909907
1064090345 0.924727
1064338899 0.939542
1064586397 0.954294
1064840186 0.969421
1065095971 0.984667
1065345566 0.999544
1065478156 1.014894
1065606745 1.030223
1065740057 1.046115
1065875902 1.062309
1066013718 1.078738
1066151459 1.095158
1066290735 1.111761
1066427495 1.128064
1066566804 1.144671
1066706466 1.161320
1066848678 1.178273
1066991813 1.195336
1067137641 1.212720
1067284945 1.230280
1067432836 1.247910
1067580442 1.265506
1067737024 1.284172
1067890778 1.302501
1068044449 1.320820
1068197877 1.339110
1068356136 1.357976
1068511384 1.376483
1068671531 1.395574
1068829875 1.414450
1068993863 1.433999
1069157810 1.453543
1069324148 1.473372
1069492214 1.493407
1069660993 1.513527
1069828605 1.533508
1069998651 1.553779
1070167455 1.573902
1070340898 1.594578
1070515448 1.615386
1070690451 1.636248
1070865546 1.657121
1071045725 1.678600
1071228245 1.700358
1071413448 1.722436
1071597494 1.744376
1071783252 1.766520
1071969202 1.788687
1072154741 1.810805
1072343854 1.833349
1072533193 1.855920
1072723564 1.878614
1072920697 1.902114
1073117309 1.925552
1073314693 1.949082
1073515558 1.973027
1073714729 1.996770
1073829074 2.020802
1073930094 2.044887
1074033823 2.069618
1074136781 2.094165
1074241202 2.119061
1074345288 2.143877
1074452733 2.169494
1074560800 2.195259
1074669642 2.221209
1074778471 2.247156
1074886865 2.272999
1074997779 2.299443
1075108832 2.325920
1075222153 2.352938
1075334418 2.379704
1075448474 2.406897
1075562773 2.434148
1075678066 2.461636
1075795758 2.489696
1075913291 2.517718
1076031193 2.545828
1076151783 2.574579
1076270960 2.602993
1076391328 2.631691
1076512225 2.660515
1076634749 2.689727
1076757751 2.719053
1076882443 2.748782
1077005978 2.778235
1077132587 2.808421
1077258303 2.838394
1077386007 2.868841
1077514252 2.899417
1077645580 2.930728
1077778833 2.962498
1077911134 2.994041
1078044479 3.025833
1078182308 3.058694
1078319290 3.091353
1078457585 3.124325
1078592436 3.156476
1078729237 3.189092
1078865607 3.221605
1079003855 3.254566
1079144310 3.288053
1079285255 3.321657
1079425798 3.355165
1079567796 3.389020
1079710876 3.423133
1079854859 3.457461
1080000783 3.492252
1080148875 3.527560
1080298540 3.563243
1080449976 3.599348
1080600031 3.635124
1080750552 3.671011
1080902436 3.707223
1081058938 3.744536
1081216665 3.782141
1081373184 3.819458
1081531850 3.857287
1081694480 3.896061
1081853222 3.933908
1082012199 3.971811
1082151659 4.010122
1082234136 4.049450
1082315418 4.088208
1082398219 4.127691
1082479937 4.166657
1082564014 4.206748
1082648468 4.247019
1082733464 4.287548
1082819302 4.328479
1082904375 4.369045
1082992370 4.411004
1083079785 4.452687
1083166069 4.493830
1083254380 4.535940
1083342791 4.578098
1083429731 4.619554
1083517644 4.661474
1083605598 4.703414
1083693725 4.745436
1083783357 4.788176
1083872563 4.830713
1083963106 4.873887
1084053598 4.917037
1084145835 4.961019
1084238317 5.005118
1084331661 5.049628
1084424387 5.093843
1084517935 5.138450
1084611700 5.183161
1084706469 5.228350
1084801696 5.273758
1084898060 5.319708
1084994093 5.365500
1085090698 5.411565
1085187866 5.457898
1085285851 5.504621
1085384088 5.551464
1085483436 5.598837
1085582948 5.646288
1085683377 5.694176
1085783763 5.742044
1085885664 5.790634
1085987111 5.839008
1086089471 5.887817
1086192557 5.936972
1086296422 5.986499
1086400638 6.036193
1086505450 6.086171
1086610402 6.136216
1086716637 6.186873
1086823086 6.237632
1086930641 6.288918
1087038032 6.340126
1087146862 6.392020
1087255733 6.443934
1087365366 6.496211
1087475341 6.548651
1087586488 6.601650
1087697282 6.654481
1087808981 6.707743
1087921268 6.761286
1088034691 6.815370
1088148308 6.869547
1088262685 6.924086
1088377875 6.979013
1088495211 7.034963
1088610938 7.090146
1088727678 7.145812
1088844548 7.201540
1088962714 7.257886
1089081019 7.314298
1089200139 7.371099
1089319949 7.428229
1089440588 7.485754
1089561170 7.543252
1089683317 7.601496
1089805224 7.659626
1089928035 7.718187
1090051411 7.777017
1090175719 7.836292
1090300169 7.895634
1090425717 7.955500
1090535163 8.015376
1090598501 8.075780
1090662004 8.136341
1090726035 8.197406
1090794377 8.262582
1090859346 8.324541
1090924104 8.386299
1090989929 8.449075
1091055827 8.511920
1091122203 8.575221
1091188700 8.638638
1091255269 8.702123
1091322096 8.765854
1091389671 8.830298
1091457024 8.894531
1091525161 8.959512
1091593350 9.024542
1091661901 9.089917
1091730638 9.155470
1091799870 9.221495
1091869349 9.287755
1091941507 9.356570
1092011548 9.423367
1092082235 9.490779
1092152986 9.558252
1092224129 9.626100
1092295623 9.694282
1092367626 9.762949
1092439939 9.831912
1092512651 9.901256
1092585474 9.970705
1092658651 10.040492
1092731929 10.110375
1092806001 10.181016
1092880263 10.251838
1092955162 10.323267
1093030428 10.395046
1093106395 10.467494
1093181888 10.539490
1093257908 10.611988
1093334100 10.684650
1093410930 10.757921
1093487991 10.831412
1093565587 10.905414
1093643286 10.979513
1093721434 11.054041
1093799794 11.128771
1093878668 11.203991
1093957736 11.279396
1094037444 11.355412
1094117150 11.431425
1094197582 11.508131
1094278130 11.584948
1094359154 11.662218
1094440328 11.739632
1094522624 11.818115
1094604725 11.896413
1094687404 11.975262
1094770143 12.054168
1094853618 12.133776
1094937198 12.213484
1095021569 12.293946
1095105735 12.374213
1095190592 12.455139
1095275371 12.535991
1095360927 12.617583
1095446477 12.699170
1095532979 12.781665
1095619236 12.863926
1095706525 12.947171
1095793677 13.030286
1095881582 13.114119
1095969657 13.198113
1096058443 13.282786
1096147000 13.367241
1096236379 13.452479
1096325661 13.537625
1096415763 13.623553
1096505973 13.709584
1096597131 13.796519
1096687959 13.883140
1096779584 13.970520
1096871367 14.058051
1096963851 14.146251
1097056511 14.234618
1097149767 14.323554
1097242999 14.412467
1097337150 14.502256
1097431189 14.591939
1097525715 14.682086
1097620542 14.772520
1097716300 14.863842
1097811999 14.955108
1097908189 15.046842
1098004584 15.138771
1098101926 15.231604
1098199450 15.324610
1098297363 15.417987
1098395484 15.511562
1098494029 15.605542
1098592822 15.699759
1098692419 15.794742
1098791934 15.889647
1098892183 15.985251
1098950091 16.080954
1099000621 16.177332
1099051307 16.274008
1099102438 16.371532
1099153470 16.468868
1099204744 16.566666
1099256143 16.664701
1099307871 16.763365
1099359698 16.862217
1099411916 16.961815
1099464075 17.061300
1099516682 17.161640
1099569350 17.262096
1099622490 17.363453
1099675520 17.464600
1099729685 17.567911
1099783899 17.671316
1099837777 17.774080
1099891817 17.877153
1099946109 17.980707
1100000375 18.084211
1100055010 18.188419
1100109856 18.293030
1100164884 18.397987
1100220010 18.503132
1100275545 18.609056
1100331044 18.714912
1100387101 18.821833
1100443107 18.928656
1100499489 19.036196
1100555838 19.143673
1100612884 19.252480
1100670013 19.361444
1100727431 19.470961
1100784932 19.580635
1100842759 19.690931
1100900767 19.801573
1100959007 19.912657
1101017351 20.023939
1101076068 20.135933
1101134853 20.248056
1101194106 20.361073
1101253275 20.473928
1101312897 20.587648
1101372584 20.701492
1101432800 20.816345
1101492916 20.931007
1101553442 21.046452
1101614058 21.162067
1101674802 21.277927
1101735651 21.393988
1101797037 21.511072
1101858523 21.628347
1101920310 21.746197
1101982065 21.863985
1102044038 21.982189
1102106239 22.100828
1102168678 22.219921
1102231292 22.339348
1102294431 22.459776
1102357364 22.579811
1102420684 22.700584
1102484257 22.821840
1102551693 22.950464
1102615540 23.072243
1102679835 23.194876
1102744311 23.317854
1102809045 23.441324
1102873901 23.565027
1102939060 23.689308
1103004434 23.813999
1103070811 23.940603
1103136511 24.065916
1103202574 24.191921
1103268843 24.318319
1103335689 24.445818
1103402609 24.573458
1103469843 24.701696
1103537308 24.830376
1103605164 24.959801
1103672980 25.089149
1103741986 25.220768
1103810362 25.351185
1103879116 25.482323
1103947821 25.613367
1104016975 25.745268
1104086269 25.877436
1104155605 26.009684
1104225005 26.142054
1104294851 26.275274
1104365117 26.409296
1104435453 26.543451
1104505903 26.677824
1104576818 26.813084
1104647794 26.948460
1104719084 27.084435
1104790480 27.220612
1104862409 27.357805
1104934309 27.494944
1105008570 27.636585
1105081301 27.775309
1105154133 27.914225
1105226975 28.053160
1105300206 28.192837
1105373636 28.332893
1105447333 28.473459
1105521041 28.614046
1105595295 28.755674
1105669715 28.897619
1105744368 29.040009
1105819091 29.182531
1105894423 29.326216
1105970193 29.470736
1106045922 29.615177
1106121658 29.759632
1106198156 29.905540
1106274427 30.051016
1106351365 30.197763
1106428293 30.344492
1106505522 30.491795
1106582786 30.639164
1106660551 30.787489
1106738357 30.935892
1106816561 31.085054
1106894886 31.234447
1106973817 31.384996
1107052703 31.535460
1107131900 31.686516
1107211354 31.838062
1107291033 31.990038
1107333550 32.142265
1107373721 32.295506
1107413855 32.448605
1107454225 32.602604
1107494621 32.756702
1107535356 32.912094
1107576017 33.067204
1107616918 33.223228
1107657920 33.379639
1107699060 33.536575
1107740234 33.693642
1107781746 33.851997
1107823166 34.010002
1107864815 34.168880
1107906590 34.328239
1107948521 34.488194
1107990501 34.648335
1108032742 34.809471
1108075017 34.970737
1108117465 35.132664
1108160031 35.295040
1108202815 35.458248
1108245548 35.621262
1108288601 35.785496
1108333201 35.955631
1108376435 36.120556
1108419763 36.285839
1108463270 36.451805
1108507126 36.619102
1108551671 36.789028
1108595499 36.956219
1108639534 37.124199
1108683625 37.292393
1108727934 37.461418
1108772232 37.630402
1108816839 37.800564
1108861540 37.971085
1108906378 38.142128
1108951275 38.313396
1108996397 38.485523
1109041521 38.657658
1109086930 38.830879
1109132310 39.003990
1109177964 39.178146
1109223849 39.353184
1109269858 39.528694
1109315939 39.704479
1109362323 39.881420
1109408653 40.058155
1109455191 40.235683
1109501881 40.413792
1109548702 40.592400
1109595617 40.771366
1109642786 40.951302
1109689813 41.130695
1109737143 41.311245
1109784468 41.491776
1109832053 41.673298
1109879742 41.855217
1109927627 42.037884
1109975483 42.220440
1110023623 42.404079
1110071802 42.587868
1110120209 42.772526
1110168706 42.957527
1110217408 43.143311
1110266186 43.329384
1110315210 43.516396
1110364232 43.703400
1110413530 43.891457
1110462853 44.079609
1110512383 44.268551
1110562107 44.458233
1110612068 44.648819
1110662128 44.839783
1110712224 45.030884
1110762401 45.222294
1110812819 45.414623
1110863331 45.607311
1110914072 45.800873
1110964795 45.994366
1111015779 46.188854
1111066828 46.383591
1111118083 46.579113
1111169433 46.774998
1111221017 46.971775
1111272599 47.168545
1111324497 47.366520
1111376350 47.564323
1111428486 47.763206
1111480732 47.962509
1111533174 48.162560
1111585667 48.362804
1111638407 48.563992
1111691131 48.765118
1111744139 48.967327
1111797154 49.169563
1111850447 49.372860
1111903794 49.576363
1111957393 49.780827
1112011075 49.985607
1112065099 50.191692
1112119093 50.397663
1112174420 50.608719
1112228678 50.815697
1112286591 51.036617
1112341044 51.244339
1112395897 51.453587
1112450711 51.662685
1112505836 51.872971
1112560963 52.083263
1112616377 52.294651
1112671873 52.506351
1112727510 52.718590
1112783311 52.931454
1112839223 53.144741
1112896266 53.362343
1112952552 53.577057
1113008936 53.792145
1113065490 54.007881
1113122164 54.224075
1113179145 54.441441
1113236005 54.658344
1113293225 54.876621
1113350440 55.094879
1113407929 55.314182
1113465437 55.533558
1113523187 55.753857
1113581202 55.975166
1113639316 56.196854
1113697553 56.419010
1113755899 56.641582
1113814445 56.864918
1113873214 57.089104
1113932001 57.313358
1113990996 57.538406
1114050059 57.763714
1114109463 57.990322
1114168777 58.216587
1114228503 58.444424
1114288184 58.672089
1114348145 58.900822
1114408165 59.129780
1114468520 59.360016
1114528891 59.590313
1114589520 59.821594
1114650150 60.052879
1114711051 60.285198
1114771986 60.517647
1114833203 60.751171
1114894517 60.985065
1114956016 61.219666
1115017712 61.455017
1115079540 61.690872
1115141524 61.927322
1115203742 62.164665
1115265992 62.402130
1115328508 62.640610
1115391173 62.879658
1115454099 63.119701
1115516965 63.359516
1115580129 63.600468
1115643378 63.841743
1115695951 64.084587
1115727791 64.327507
1115759660 64.570648
1115791632 64.814575
1115823757 65.059669
1115855921 65.305061
1115888125 65.550758
1115920369 65.796761
1115952732 66.043671
1115985174 66.291183
1116017679 66.539177
1116050430 66.789047
1116083123 67.038475
1116116736 67.294922
1116149750 67.546799
1116182634 67.797684
1116215623 68.049370
1116248655 68.301384
1116281821 68.554420
1116315028 68.807770
1116348372 69.062164
1116381787 69.317101
1116415272 69.572571
1116448829 69.828590
1116482521 70.085640
1116516251 70.342979
1116550103 70.601250
1116584025 70.860054
1116618051 71.119652
1116652138 71.379715
1116686315 71.640465
1116720577 71.901863
1116755109 72.165321
1116789515 72.427818
1116824026 72.691116
1116858598 72.954880
1116893271 73.219414
1116927976 73.484192
1116962819 73.750023
1116997694 74.016098
1117032687 74.283073
1117067760 74.550659
1117102937 74.819038
1117138131 75.087547
1117173516 75.357513
1117208896 75.627441
1117244470 75.898849
1117280051 76.170311
1117315764 76.442780
1117351483 76.715294
1117387373 76.989113
1117423251 77.262840
1117459302 77.537888
1117495408 77.813354
1117531722 78.090408
1117567986 78.367081
1117604394 78.644852
1117640850 78.922989
1117677391 79.201775
1117713977 79.480904
1117750700 79.761078
1117787460 80.041534
1117824389 80.323280
1117861341 80.605202
1117898429 80.888161
1117935493 81.170937
1117972774 81.455368
1118010018 81.739517
1118047516 82.025604
1118084968 82.311340
1118122652 82.598846
1118160309 82.886147
1118198065 83.174202
1118235874 83.462662
1118273817 83.752144
1118312566 84.047775
1118350715 84.338829
1118388865 84.629890
1118427196 84.922333
1118465501 85.214577
1118503986 85.508194
1118542468 85.801788
1118581084 86.096405
1118619762 86.391495
1118658570 86.687576
1118697450 86.984207
1118736445 87.281715
1118775487 87.579582
1118814686 87.878647
1118853877 88.177650
1118893272 88.478210
1118932631 88.778496
1118972185 89.080269
1119011767 89.382256
1119051438 89.684921
1119091228 89.988495
1119131125 90.292885
1119171016 90.597229
1119211103 90.903069
1119251222 91.209152
1119291493 91.516396
1119331802 91.823929
1119372212 92.132233
1119412694 92.441086
1119453262 92.750595
1119493939 93.060936
1119534806 93.372726
1119575645 93.684303
1119616691 93.997459
1119657751 94.310722
1119698901 94.624672
1119740125 94.939186
1119781859 95.257591
1119823225 95.573189
1119864747 95.889977
1119906358 96.207443
1119948092 96.525848
1119989877 96.844643
1120031755 97.164146
1120073749 97.484535
1120115868 97.805878
1120157980 98.127167
1120200268 98.449799
1120242566 98.772507
1120285070 99.096786
1120327609 99.421333
1120370278 99.746872
1120413031 100.073051
1120455883 100.399986
1120498744 100.726990
1120541822 101.055649
1120585263 101.387077
1120628434 101.716446
1120671724 102.046722
1120715162 102.378128
1120758707 102.710350
1120802268 103.042694
1120845864 103.375305
1120889622 103.709152
1120933468 104.043671
1120977459 104.379295
1121021416 104.714661
1121065580 105.051605
1121109746 105.388565
1121154063 105.726677
1121198483 106.065575
1121243011 106.405296
1121287578 106.745316
1121332294 107.086472
1121377036 107.427826
1121421924 107.770294
1121466892 108.113373
1121511991 108.457451
1121557150 108.801987
1121602445 109.147560
1121647767 109.493340
1121693278 109.840561
1121738750 110.187485
1121784635 110.537560
1121830346 110.886307
1121876194 111.236099
1121922193 111.587044
1121968288 111.938721
1122014394 112.290482
1122060793 112.644478
1122107107 112.997826
1122153565 113.352272
1122200038 113.706833
1122246792 114.063538
1122293466 114.419632
1122340298 114.776932
1122387177 115.134590
1122434183 115.493217
1122481276 115.852509
1122528527 116.213005
1122576064 116.575684
1122623522 116.937759
1122671329 117.302498
1122721092 117.682159
1122770945 118.062508
1122820285 118.438942
1122868153 118.804146
1122916267 119.171227
1122964320 119.537842
1123012585 119.906075
1123060843 120.274254
1123109796 120.647736
1123158555 121.019737
1123210826 121.418533
1123262715 121.814415
1123314917 122.212685
1123365040 122.595093
1123414145 122.969734
1123463210 123.344070
1123512561 123.720589
1123561853 124.096657
1123611339 124.474205
1123660811 124.851646
1123710551 125.231133
1123760523 125.612389
1123810409 125.992989
1123860322 126.373795
1123911085 126.761086
1123966874 127.186722
1124021733 127.605263
1124074330 128.013092
1124099694 128.400116
1124126803 128.813766
1124153787 129.225510
1124180789 129.637527
1124207965 130.052200
1124234648 130.459351
